prime 2305843009213689601 root 1062281476586377573
0 1025888062421089124
1 1836191340210841743
2 171261211240423159
3 1338016998008485174
4 1322887317220364058
5 2124743974998485109
6 72737904980708354
7 1742320436502538729
8 1816754492453936383
9 1408382477765670294
10 554548602600639677
11 931056053804847615
12 1073086859056673029
13 470994595828350085
14 1787413696959264325
15 1781086344386460534
16 314886374081401943
17 1502841960103537375
18 1417271078610328147
19 1672808940645024804
20 697230648462960709
21 2078362721732982555
22 504522341186776987
23 1213330574628041426
24 1196066205119415336
25 45139427082037461
26 652105538521267899
27 678595346211736150
28 1380772482450553762
29 882303620071402607
30 496343133832831184
