prime 2305843009213682689 root 467758080632614518
0 1746466165694563169
1 683356351372046090
2 2048162538286981437
3 367367467340520967
4 1997984737016404129
5 953396372427614510
6 1645775601583606379
7 1521430801535737445
8 1600766387103624748
9 339111105727544249
10 1371140311569519036
11 1434385210249399135
12 1312227603282171099
13 1333877606761199770
14 871595623531165159
15 659625481432475013
16 909904133861050826
17 2013299208453811168
18 990705816796885925
19 166856510616057589
20 643674055099467549
21 1079716253345919375
22 426153736732054125
23 1299373961040995507
24 1720593185215382481
25 972427270422885333
26 243538952363648156
27 1813756470318547231
28 2146785221931825254
29 104029258719211003
30 1764469083125789668
