prime 2305843009213666049 root 983772545565526107
0 1687757777520245337
1 640863833613498059
2 1100926748817078319
3 1105076011476310774
4 634173967129906509
5 355884395305618327
6 997526059803190715
7 1192583586194116704
8 2104160319406620757
9 745696341062697782
10 1053915161354507495
11 1704130308063210506
12 227605023131965106
13 1488975898047797909
14 1233970940706663795
15 487484802124410114
16 2038988706559945992
17 2216399423977211152
18 674116267123122059
19 974727296377295862
20 388928114512532226
21 467567501679453549
22 1895063307012121181
23 1603853429674734737
24 2046953320182066663
25 437720840546908129
26 1300926372144756239
27 296856625004813944
28 2135907405862175082
29 999341548727234958
30 1636825669845001858
