prime 2305843009213673729 root 1420695913366196660
0 118501104145046364
1 128358147374507102
2 296504723507402864
3 2183575446261463964
4 908878177843600283
5 631315445489017033
6 511252483418479431
7 161805333907090932
8 579059822996416323
9 1948916957472729192
10 1859118892362563111
11 779079661842420527
12 140556885251816820
13 1484576316591508843
14 331377405607163695
15 361895297501094378
16 546689891193171874
17 1653782627781024619
18 569802006574307683
19 782448887264490490
20 136332082785535260
21 856269671496138524
22 114433817505324072
23 2014357739333165092
24 2153385592756377712
25 2048113805236484358
26 2164357484141705162
27 1764496501066347784
28 1879728420084580567
29 17755676361098772
30 255553836899268103
