prime 2305843009213663489 root 2073172800019460098
0 2210843335311988568
1 811699062360330138
2 600453087555292441
3 2282804877281950570
4 1311220932537987294
5 264204981811453745
6 419945969206844300
7 1961334122841525121
8 1736706548569962617
9 245527416069371667
10 1421410085581777136
11 392403704443629591
12 1753219031096717345
13 1541517680257112751
14 2021682432053104078
15 839418722750212248
16 1868860825457487507
17 1226667830604236615
18 1079686212416453386
19 696198835714118698
20 741147937033364085
21 1202170553768997898
22 737156745672090839
23 682947520149777801
24 618310800574077592
25 2024568379477316423
26 1511533554973464735
27 386356189295652154
28 712600222081629849
29 1259108707061032210
30 443430508369529905
