prime 2305843009213683713 root 1751062625154885710
0 614894738892408673
1 1537359463559509790
2 403677595477695301
3 1279781733158346406
4 1727166957760820327
5 529088084638977981
6 1918485635121306545
7 719353154128621139
8 1593370871554769768
9 857649913753115872
10 571856919752270205
11 1654314434568191523
12 798895869291613447
13 1460469451448359843
14 152674730964465445
15 491995761091614404
16 1147962506469563593
17 1745815270035923358
18 1793692136425380815
19 1041011409095151088
20 1127483938019510657
21 2147714774992167496
22 1463074670847365030
23 1879425890221446800
24 431771804286354634
25 1868466516863981906
26 1789268393233294166
27 165179176958220564
28 695140685922956424
29 2016550065117811581
30 1850787811784187903
