prime 2305843009213687297 root 1404240504602138521
0 1266080763512242531
1 2220527347002268003
2 1565509323311157348
3 1014467152592906449
4 779305170888372124
5 197013072022780594
6 585361867107953701
7 232131071511384595
8 2076407371469973374
9 1803060586207844163
10 918929671114953320
11 848841687549597058
12 1803176767742054729
13 624990762802552939
14 1710883976794641942
15 1031473453977311072
16 1592224685302021998
17 2154477445555893484
18 1817646144037006802
19 642615380419334425
20 890572192273533404
21 1735622579359309196
22 1529902365636533325
23 1990778705205215791
24 893818630025694480
25 1093740596454723498
26 740701105306522188
27 1277496882558492552
28 602474277788944788
29 2277614346149570759
30 404724170311147007
