prime 2305843009213675777 root 878250968026800207
0 161201259754402909
1 1836364371748764806
2 1619220856263992962
3 1702560962622548441
4 367241696333754151
5 2088369042857024744
6 1018467719636314579
7 394518491306933973
8 705781063809875306
9 1733294690490467636
10 1358081685978906805
11 1883340107990824771
12 931902737732021713
13 1865661053148224612
14 1572114114881270022
15 2051437212353130062
16 1174228360369271872
17 1614284148196486170
18 952374559075234389
19 2257666879552692729
20 2206496564950360194
21 998820651917002665
22 557625150769117002
23 1192284712622598217
24 965784087529482770
25 2139005950752863882
26 1423810941820386532
27 471190208302689005
28 2231236274928537701
29 2081712635040394977
30 2251452032364780016
