prime 2305843009213689089 root 1823593780277023706
0 1591673775822164836
1 1409189784116988037
2 993503682635577843
3 2034731368604436455
4 1458296039030214711
5 1183945189509886765
6 2235279564542354272
7 381114424959866610
8 1846181754216991035
9 1864648873024418260
10 1677796880651691068
11 103597866575463001
12 61275205070137909
13 1570753497397941742
14 1719809206452761940
15 2148495999817545163
16 752216929025509127
17 543769194445314698
18 521037404984214057
19 256323387614448636
20 2059884699126709421
21 317866208437047170
22 1089370808023193605
23 103702427124320625
24 21073791509095206
25 2124280817806734109
26 1267715046519713168
27 2110664282151287579
28 1028851542377999807
29 1437487681692564475
30 1008945401156842397
