prime 2305843009213687297 root 1404240504602138521
0 1329288772793130917
1 408246863485836155
2 1025091579910893006
3 896870276392999615
4 451843217715506515
5 1521094157523407218
6 503856178366401713
7 2175833413918909189
8 67902749583430296
9 1822284068871526353
10 2221864745763828798
11 628137182976561764
12 1680116119794388906
13 2050113615213635385
14 915716997095725624
15 323181883255113994
16 2138572578235341826
17 1396340370744757603
18 1362694414309489681
19 1262877102780389985
20 1168239071078957875
21 159180448330899082
22 1529039633226346894
23 632826017965888870
24 787583127634876911
25 700599911032540757
26 1502183628882574190
27 2303992946854021762
28 59462453897169347
29 2085461653916572801
30 986448039739740910
