prime 2305843009213666049 root 983772545565526107
0 1626570221794484389
1 1589725541678968439
2 1362907476841717912
3 66265921721087002
4 1020529504704543247
5 1653805205305368391
6 870562560395919754
7 1878251856985557918
8 1984907184321443997
9 1399380980403014052
10 1953841679629379567
11 746301921242421094
12 1263645762242555287
13 296760626477787870
14 1300504846112635195
15 784357678256733401
16 196235847933891661
17 2176588095014790126
18 1853689591260627096
19 396606285616062003
20 1790890152267711916
21 1514322775266183651
22 963091906529395148
23 1337474777083502189
24 314596199672086811
25 598776948049556019
26 194790176581029503
27 915944856653747610
28 1737532199972968543
29 1429656430868026142
30 711103981603724332
