prime 2305843009213689601 root 1062281476586377573
0 1297053434949610661
1 1585853048176270716
2 1877460654881090032
3 2153747934051762700
4 973584512807126998
5 478799611841232860
6 2214642378361426139
7 1197398613683081389
8 2264244821157136612
9 1927416029766036146
10 469546811075387503
11 300598510208682218
12 609028767646840970
13 1263190506001018169
14 77143456041289001
15 1096634600916548590
16 462441768277270850
17 1003397162562001242
18 1923780106641630372
19 2025452405198363065
20 385157265136244804
21 1393745571271817696
22 1818270319609260778
23 1667891282363869119
24 271230541293359764
25 950569939897623335
26 686957978193099972
27 1492910782304704304
28 2155007857157304656
29 319480193883717961
30 1558651230959965685
