prime 2305843009213682689 root 467758080632614518
0 1393759448480171429
1 358877503318663546
2 1626196439184651659
3 688957970336226854
4 1714203642983378510
5 1299841254326172829
6 1694164287728175199
7 1869570320273449908
8 1589966112916948478
9 1786926080012142388
10 154981067937458935
11 1022385851860551251
12 884134289476603660
13 1995680275075230365
14 1587918082458527612
15 1558382752886864295
16 30179566861754247
17 451412747258555056
18 1303704350908527670
19 19796993629988119
20 1052576318181983611
21 764238867144125861
22 671462353999099224
23 2207915270206013701
24 1985344895071386246
25 1525220681250703246
26 1405176669169219892
27 2263703009005448563
28 1008527954374467171
29 1156456844403049855
30 1191939594840263950
