prime 2305843009213689089 root 1823593780277023706
0 1304216843359281829
1 1836572342514771324
2 663226189681615336
3 1105827451499451927
4 1626256339011650859
5 454215813962644847
6 1834462064632197671
7 644983894591517234
8 1216733431082618835
9 295362795297440476
10 1674192790317738997
11 39292115340529923
12 1520016039305897786
13 1601589917629001641
14 362711440375259222
15 2039689686417096438
16 2299134357566790203
17 437238142275683152
18 1238604369620761460
19 2012829302620066255
20 898391250171121599
21 164882451556981503
22 147512621464102434
23 1952591436909803728
24 1556150248965287427
25 2239067308356995398
26 2174240486623611544
27 1320850631817225223
28 2065553065617328508
29 314661054701230420
30 1177825528012404394
