prime 2305843009213673729 root 1420695913366196660
0 1519119095649416869
1 134779135815094648
2 1129680381119963400
3 1950015104282014063
4 453824089967437848
5 2022552653291592106
6 1959756394788691476
7 540361847573455567
8 1941389590213615296
9 1835402246843762099
10 1487091061674658635
11 2245264965512270860
12 355700606527428047
13 707494226454092670
14 799301382831794918
15 1874172516942950212
16 67259333450607979
17 601767784698101843
18 199525682626435128
19 21479399502831645
20 1351402002379276405
21 527920274394599807
22 2292624180333404271
23 1326692746591119817
24 2254017199308027193
25 1170275951630036710
26 1186862811024886659
27 1118497413826526363
28 2244312098635083580
29 2264016878068290730
30 1278149851457626930
