prime 2305843009213675777 root 878250968026800207
0 1490465462010732197
1 1437744967674759801
2 1374932223489609510
3 1530011015975565121
4 148979782658231237
5 2120885940767425374
6 1174269669868267491
7 364029962939859898
8 213185850410215690
9 2171153929090113573
10 1572600769664986584
11 961691261928704429
12 1569552171705192184
13 665365089256215342
14 1727111928936039147
15 2028972004740569965
16 1970603342921051643
17 948292105545658728
18 445372262220081029
19 198730504912932317
20 454634474627257434
21 770214785083556964
22 1439748819921272925
23 840080242955097959
24 973224710656440145
25 729473090526044261
26 714655128539385710
27 1371563297639874384
28 509782765312069590
29 564408077542158614
30 2304031041644503872
