prime 2305843009213683713 root 1751062625154885710
0 1379432631660829093
1 2163281923855343995
2 1748822360369727898
3 478955926208566287
4 408859988110165412
5 1349008449233134455
6 148605070052177350
7 651683538340542121
8 1832240880093670945
9 227911902128774345
10 1569413517186302452
11 1904246811481614586
12 934580250295696053
13 334895996616739284
14 1329906118574464990
15 1517594127460394802
16 1252405409594736406
17 1943771854870302300
18 1173943487192883618
19 320473813210311038
20 21708254183111599
21 1738148886886829127
22 1889556278119925197
23 1045379152114566127
24 1947878001646384973
25 1969593272673588803
26 398212053167371132
27 2280567291601307017
28 1681812822197159476
29 1638401704012212166
30 231825382533086568
