prime 2305843009213682689 root 1409443925573520377
0 1462848068914481208
1 1338983735543004217
2 511534051662224817
3 2010176306263556911
4 448575549368668120
5 677120637249403958
6 1953081798612829806
7 777657321769483877
8 395265163967627566
9 606257586825354543
10 2182946816122258259
11 524527560367960730
12 252540658898956238
13 1304338673673216049
14 1956338153574487855
15 1392085495809792269
16 680439945161537598
17 1996306483269086693
18 1886979672533600025
19 2036043265640857176
20 1004281450056261463
21 68694673015817946
22 1234645939266940390
23 1687073227646459659
24 533567627318007275
25 207299149328721146
26 1064457005201732639
27 1671921305054525837
28 1469363074685174697
29 2101449835072979249
30 1454021156169492061
