prime 2305843009213673729 root 675903313670637679
0 1462849405359480888
1 1339083968918401337
2 526177479585999537
3 524745401545274413
4 677787812089106016
5 880913782924890526
6 1276983300202601648
7 1445788155175195057
8 1978094451830684045
9 2212861378853601570
10 2142129403061550769
11 314201924731301073
12 1901536438893165138
13 776630945133734363
14 403936817851394811
15 2268285694481760116
16 1522216630833204912
17 167085830309858102
18 838724526060677427
19 1525428753767614277
20 848522408026100834
21 770706513448528198
22 1540829286344233932
23 1903257689090530152
24 1621283124397485953
25 804958136816062201
26 1032759707437946782
27 287349070280276744
28 2293274747217630829
29 969689142031681893
30 1855886461078545474
