prime 2305843009213663489 root 2049015484468238033
0 1462850932725194808
1 1339198521347426617
2 542912825784599217
3 1791765379427705644
4 280932395431095986
5 1443226382088378645
6 1492518837891038277
7 892238312945105269
8 412865468291276024
9 1790701273535449010
10 356023797018921081
11 2212225145555736963
12 384575132622438103
13 201022537245153493
14 729958580545736954
15 1641168002882199417
16 1899760343022938624
17 1569441812176022199
18 305243678423077858
19 455877477257965160
20 1087558042535695501
21 893481076219167921
22 2070218962525875788
23 2064443399687165142
24 604707367893198429
25 1968349999530732635
26 2088105886639600279
27 136957292590932792
28 787396653340149289
29 856873630530791187
30 1944402471902805408
