prime 2305843009213683713 root 2264458105055299262
0 1462847916177909816
1 1338972280300101689
2 509860517042364849
3 1652890007553949487
4 488261091035723779
5 851473678678435063
6 2162112713474768428
7 371919193299435422
8 820264571654059709
9 782195327953756286
10 1480511590432535241
11 1236880875923924636
12 961052083921718687
13 1464796370554815596
14 1473732821315276602
15 1236068617971447147
16 255841904055075715
17 1408046319211267210
18 1140269681247070758
19 220130045878364505
20 1719690722615820262
21 1334986356135456936
22 153420837922122000
23 1951049197029868316
24 252144427300852752
25 1089246296826382016
26 129797205037722622
27 2044423414248076258
28 710773529841880947
29 1973414524378893135
30 1163370710309808300
