prime 2305843009213687297 root 357304057573843661
0 1462847381599909944
1 1338932186949942841
2 504003145872854961
3 402387962070323503
4 1780081991477955738
5 308787819307523994
6 587877998959385924
7 104798965949087206
8 1175781424913772593
9 258274689225518093
10 185592730396963125
11 1862154034761633077
12 2140498286224808886
13 419224955348957908
14 152755775046594067
15 1034583933626567765
16 2163738736758811950
17 1591749200133826491
18 521336605979250245
19 557367899720332374
20 1835275342901661052
21 1640749723157046072
22 1563095749453593105
23 1672014472301661807
24 428408911940298310
25 2084666619055240405
26 1245264762052955775
27 904961801602440621
28 407430028694369081
29 204715026534015463
30 2264608118381540867
