prime 2305843009213689089 root 1904277408380145156
0 1462847114310910008
1 1338912140274863417
2 501074460288100017
3 2082979948542199600
4 1273070937092633061
5 1190366394365600492
6 2106603704979600849
7 2277106196805590539
8 1365755102939320043
9 964793240659115730
10 24748967029296537
11 1085145263728222380
12 1491298634192045508
13 1549427939672706296
14 153556457484421993
15 1783264099298948847
16 1373243620261504490
17 531276273573774820
18 516642363654089494
19 536138230949424536
20 608107422310645317
21 1550046377111775944
22 1418654483946932041
23 1566245721475080392
24 159037941693377165
25 894625534059376380
26 1251350305450251466
27 791164235408734790
28 2302075653817155893
29 821788803574096052
30 1622125220353719479
