prime 2305843009213675777 root 1909838447626287997
0 1462849099886338104
1 1339061058432596281
2 522830410346279601
3 2116015813339731246
4 757158895421764790
5 1229619865291990304
6 1695044935736629292
7 634224489745999395
8 478375069303308714
9 1439019906013968330
10 495271583463379485
11 2029269073922843200
12 3930069953748231
13 149017380807722412
14 2278917992157998394
15 586318076975747159
16 759652720101655888
17 850725505325426551
18 1341179010478639484
19 703867302490458101
20 1874501972346287531
21 2062471422141367480
22 728239247609286454
23 865180502127352671
24 1594212767607303856
25 754802400181159434
26 708673898845165700
27 629296380417381206
28 1935366714420366711
29 1004554443778565290
30 98449445715073981
