prime 2305843009213666049 root 1277738329667760208
0 1462850550883766328
1 1339169883240170297
2 538728989234949297
3 898549632653679404
4 1533067754201605918
5 726187479715135223
6 2015095595437205152
7 1030576109588364676
8 202782877391708637
9 1990306714673434644
10 1503545742545011699
11 173314573552617060
12 1186293689930000467
13 553833899845532188
14 1779611460756382110
15 2039100853507611290
16 1259704979122357592
17 72958426602996417
18 612063631584682859
19 44393807184151964
20 2227501226810338275
21 2031505460512094719
22 73897556444064857
23 1680002586925197198
24 987915384289691690
25 1896392227477312249
26 2141427599639970112
27 864461203509154116
28 333389978925293143
29 644345130305398661
30 1755898177252555365
