prime 2305843009213689601 root 420359399294971515
0 1462847037942624312
1 1338906412653412153
2 500237692978170033
3 1904336799187396400
4 139992203319580410
5 124621410562537292
6 2211119197717815472
7 921331520416285351
8 433310609209612466
9 1991115242354257016
10 556017424458730976
11 1388529083976632683
12 1295281700144810106
13 850839498561959126
14 116125208375600234
15 2195876912858385870
16 1464333447449173830
17 1051860154851751990
18 1765988959574015459
19 349971385534671211
20 2262795037349612998
21 649275618111471985
22 1412332586094462945
23 239709367338797165
24 1536658758155820439
25 1079033121742043237
26 2149026000650343316
27 1684944386074814528
28 244965991619914770
29 2179689744361217999
30 1669353965426972556
