prime 2305843009213687297 root 1404240504602138521
0 1959388120286567378
1 323317387124446941
2 1161147624130113317
3 830601609770198893
4 1112625472355026758
5 1990459888415755280
6 2485248437254336
7 1842027193079211801
8 1269580740930164803
9 1687514034409926477
10 724000866277949742
11 485457414118262653
12 164421363868735554
13 1455956219985529177
14 1539392235974134053
15 1884340207179548139
16 2298395094971377626
17 36203438492356077
18 987803735212654215
19 1019125449806100790
20 308763869729375445
21 508289656394532667
22 89488128147275227
23 729980023344623301
24 1843245603846093534
25 1450073920005904933
26 1721996270572461700
27 1767181737559824162
28 1244912697499881835
29 2193623429349355234
30 302749884135047297
