prime 2305843009213675777 root 878250968026800207
0 1959445741963866578
1 325564632539495901
2 1332602441322933797
3 1584349656731629157
4 1190770055485668229
5 976551772953180576
6 98438845986483862
7 2074723656361801682
8 1518430132832571069
9 1821532475953169598
10 1256221967996622011
11 1083583060309873571
12 1713194517860034527
13 1737660661362980818
14 629125452190484875
15 288982172994082465
16 1799751213419761343
17 317411507869776831
18 1721537607180006576
19 170969044987555362
20 2034468484406212783
21 260493413848340232
22 1235746275557679531
23 1339103771121944764
24 515532911927550307
25 1481227785458632596
26 1916667021333970249
27 1570912681040244193
28 341018591707484885
29 1119727497785333624
30 1450141394193830896
