prime 2305843009213682689 root 467758080632614518
0 1959411168957487058
1 324216285290466525
2 1229729551007241509
3 1593269430397485418
4 682714703761182047
5 1123728039786058723
6 1885540968275138736
7 1473906766367425686
8 899768507348779738
9 1157679118768078715
10 648131752618873121
11 367937597485269335
12 1159672501505281621
13 599567764054934475
14 284492577277721582
15 527906783324140724
16 15360276186149235
17 1503701407550302912
18 1767194764692832451
19 381076676448093033
20 1123991252296280242
21 161261110712367
22 1201829537282250780
23 1932991587905011936
24 870422167395615455
25 1656293192605506941
26 1304334226540386496
27 520078107251456910
28 94697487865957689
29 358358714033725238
30 1200572021279030104
