prime 2305843009213683713 root 1751062625154885710
0 1959406047030616018
1 324016530142462173
2 1214489122812324133
3 2192402028884869483
4 265840872511941067
5 803925559586925435
6 1723288905863808521
7 787093465178247233
8 212391725410908401
9 1251841995738394936
10 426755257215362379
11 597761703078623258
12 467493611907133730
13 1319690780636093013
14 1494145072579859955
15 2131451947629633425
16 1294445089557399824
17 2265508703950764273
18 1148976592378984380
19 1074710769676871338
20 500464085262383276
21 1878554839871529151
22 1258154766421744452
23 1874246343498144976
24 718786339393238753
25 1102707332788937955
26 1413004685806451957
27 1021731591045231076
28 1391910893468578067
29 1353907415722727102
30 1529243834404341042
