prime 2305843009213673729 root 1420695913366196660
0 1959455985817608658
1 325964142835504605
2 1363083297712768549
3 386084459756891235
4 2024517717987801773
5 1616156734005391984
6 422943108298555876
7 1142540287748991355
8 596231282407791502
9 1965317658075999811
10 1090349666016466165
11 1558107101953247405
12 1499410466042680352
13 23829360228144889
14 1206937213129308545
15 1111192133121096740
16 2055976495633792695
17 986899059174487888
18 936914453367799998
19 17690348867458306
20 2228489217262877121
21 2145192408841063911
22 1962163659620696356
23 1941308735773866268
24 1527617565724085627
25 1118596646670401474
26 561774773762161580
27 538524661100268723
28 1985018738203108591
29 1045421021435788345
30 1873976520949217347
