prime 2305843009213689089 root 1823593780277023706
0 1959379156914543058
1 322967815615439325
2 1134476874789007909
3 149701400212868974
4 383096267670743811
5 1430805548405391962
6 295004962609121820
7 63660245957501316
8 1800650471137207532
9 1486858908903502935
10 1882301122412878265
11 374954178847983365
12 1729675536038030701
13 1094059937999585860
14 1506414204700646482
15 1407962985329636216
16 1946244522591855884
17 415251977285999280
18 475236913837175896
19 497974304172559426
20 1490231691091450930
21 715554602678827328
22 87283320752755061
23 1226010867901511059
24 588070910737848
25 1622201523086163831
26 2013251735840203397
27 1355292845223221075
28 1300510849161989273
29 338398480185063023
30 2049796991624740885
