prime 2305843009213666049 root 983772545565526107
0 1959494400269141458
1 327462306445537245
2 1477386509174648869
3 1657197494135862110
4 539385433951350145
5 1708832330149440635
6 486912884214126024
7 529227749493930230
8 39484957485374687
9 1859026197547425075
10 2298582573108787505
11 1057282201854229273
12 705953500142255313
13 134294739961912165
14 674199253333239523
15 1285686638430749314
16 1798031048706870232
17 210639237075643852
18 709798542736187665
19 68528117719694279
20 398210176069532473
21 1320688438183788605
22 1601481967386123659
23 222205381242696299
24 2274428628005321002
25 1479742920426793506
26 1422067338967684183
27 1218923027748733322
28 300764439489123346
29 2232207593249866652
30 428470405518468385
