prime 2305843009213689601 root 1062281476586377573
0 1959376595951107538
1 322867938041437149
2 1126856660691549221
3 1602189204063410799
4 174659352046787385
5 1270904308424724518
6 1366800461008375753
7 873181106919303514
8 305657047363818743
9 860646832832203573
10 2289820005806623115
11 1183770961012356574
12 2245936162306138806
13 985058585412905573
14 2100337195587879229
15 2265242669711353987
16 2199151139833685571
17 349862844866175512
18 1749720615855969043
19 820386776909966119
20 1787265564109978415
21 1605414626413741138
22 1988062503023404470
23 966755962076203772
24 1574330173124899717
25 1478435080610163863
26 967229020593551739
27 939936643192137657
28 1498255386882984285
29 164907217491530274
30 688312340257410271
