prime 2305843009213689601 root 1062281476586377573
0 997527172822430629
1 210500793358736457
2 494462996616557688
3 525705273544744409
4 767979101089708844
5 2266314474493385373
6 1942781698573963779
7 1835934745758692628
8 1389847139597919282
9 1394712060433276887
10 253638083777119795
11 452634826874106984
12 2284525625614415205
13 829708004072846972
14 1045430067153649850
15 2104605424988501999
16 326623161010650794
17 1140804424506156873
18 2079961439700677203
19 1307900626274365456
20 1057200600719229672
21 1405767360539427329
22 1447794774163776395
23 1777005733089852376
24 1604573058494776715
25 1400092109209592512
26 1429159901737258700
27 803281813409382952
28 248035465362719371
29 2142212961430849696
30 1002388538545922806
