prime 2305843009213675777 root 878250968026800207
0 997527834367337893
1 210539162963703369
2 498805563777770616
3 1245293652965414873
4 1525067877521000425
5 1110299704362351955
6 265675213876121585
7 965184206848537586
8 1706292270226021712
9 2126785271195429338
10 1096077829955074122
11 23593186011296195
12 1777473269463474008
13 728324890064943943
14 1635726849141643193
15 276163404378295181
16 1093215317567382208
17 1220166400102554969
18 1241761095543772340
19 2258364804865157112
20 1447797829771147245
21 1277832092836596179
22 1438038000024488126
23 2019697785002432524
24 1692131186866325409
25 1616681531630454919
26 2143099841541774591
27 710690081807965895
28 771679761808651050
29 599064709025224193
30 310766719782147627
