prime 2305843009213683713 root 1751062625154885710
0 997527454591557797
1 210517135968259401
2 496312608555592824
3 832196620335029977
4 22922927526104847
5 1944740998949001754
6 32836246605842332
7 2062864139750472468
8 70231648176607242
9 634972019574619632
10 607414879460988349
11 461118958042706132
12 1739273035309453343
13 689091456295867347
14 1071001260552286124
15 986786095929303126
16 615518387232826480
17 778697618584863159
18 49509314695861751
19 2255904217638963944
20 289184984069858401
21 1710805993220621396
22 1633097742700158360
23 1817051465540952532
24 1128462141796517670
25 1507233052563079984
26 1744396631113829349
27 2234448638076515701
28 1828813548758101233
29 1546667203559597660
30 486926803003329728
