prime 2305843009213666049 root 983772545565526107
0 997528299898939301
1 210566163796828233
2 501861444372698232
3 1751670660705886681
4 93597416051007929
5 980020572849656977
6 1220529083257466218
7 437867423949715987
8 745957796228471188
9 1358640420981631800
10 1234267834428928111
11 238642084736233394
12 1440145570313728152
13 956027156291066180
14 1955777331815738523
15 243299915157216961
16 973961699998733799
17 1518960085393415350
18 172530328514351169
19 591113410630572087
20 1454378456925487066
21 1614896512181205758
22 796961978260906169
23 515278801005760975
24 1471147088069785149
25 976964650003924667
26 2180424908587107620
27 206561973491675210
28 868962581308614420
29 2134949917207300562
30 1761760050623006077
