prime 2305843009213682689 root 467758080632614518
0 997527503594884261
1 210519978161219913
2 496634280197164152
3 885499463255079641
4 2299444993911964427
5 1688307089366566136
6 1104228437286321658
7 1400552802825668995
8 1545441422896428481
9 1774416169927513945
10 2121771356588479656
11 1064259515306914633
12 1383860096315551417
13 1866235879868683748
14 1827319438129742155
15 252465924770351475
16 824550339400336107
17 850218907367595851
18 2199628380863483337
19 137396547198187713
20 353546060178755614
21 361445904048931673
22 1477832621349039852
23 1111311574996844301
24 2301616464749683453
25 1830055106268817901
26 1738656240514499598
27 70021393240617290
28 1473158127510735123
29 1647859521940889625
30 726143815868583336
