prime 2305843009213687297 root 1404240504602138521
0 997527283079915173
1 210507188292897609
2 495186757810093176
3 645636670114856153
4 1278467732030410017
5 536416673295031312
6 894649604198249301
7 922191612048023182
8 672513501622739468
9 499498204861531906
10 2222704600970339129
11 840097614179670690
12 303266529050775160
13 1929325570202768259
14 1215333834735264295
15 415741565226907443
16 1564233411915810352
17 1249210088710995343
18 1745360078909830427
19 2001491527887827374
20 1034210247622859227
21 613529099175772263
22 1492348878724799624
23 1977507142911929313
24 1164071186752158471
25 556861644811195325
26 316623734676878858
27 177337002518941783
28 1216569863901428775
29 1104960237509615283
30 1483646973666991542
