prime 2305843009213689089 root 1823593780277023706
0 997527197324093861
1 210502214455216713
2 494623832437343352
3 552356695004769241
4 1906240134282610986
5 2138097519694094604
6 172634782206527793
7 351856693877535051
8 974184411139063821
9 661487412830873739
10 627267872685592519
11 80149994659017583
12 1480722494605995263
13 1737052996755606072
14 869338195537251024
15 1493349123029026375
16 2242703326823387039
17 1749189871441486047
18 297359220320145873
19 2242000355834554486
20 857884190957482652
21 1256671110248900123
22 182592884417385847
23 1910255736628413451
24 831491596414711417
25 1065838771693908254
26 1675330828930852703
27 80008946028759214
28 1685927708966903014
29 591240341651549204
30 488751841454572735
