prime 2305843009213673729 root 1420695913366196660
0 997527932373990821
1 210544847349624393
2 499448907060913272
3 1351899338805514201
4 1466425991865521631
5 597431885241882383
6 102616599740329900
7 1946409375678117841
8 46929412903881916
9 619126253419902122
10 1046160486586974582
11 2054873650558528583
12 1051415533351541987
13 1906409579933933454
14 1364014855739575793
15 1364620779310356881
16 1635791655472878290
17 1265850212793732474
18 1414110954973468483
19 1856685618734189709
20 2204331534610437373
21 1747408974358173581
22 69994020209165997
23 926218194884226200
24 1236278825782048528
25 1036418258929317151
26 1037716656609169382
27 532415236217979191
28 1310895052613898122
29 917519811041945271
30 151425589926046285
