prime 2305843009213689089 root 1823593780277023706
0 266475618422417171
1 1343215143453865034
2 297011210750890061
3 999327174185990918
4 1640081252434455079
5 61475371853644349
6 777041564212921106
7 703516386251615585
8 2131390032792066468
9 1444467143975256969
10 197833334660224436
11 964745057586579230
12 1036106045853178820
13 1496969294882331465
14 2163991139394353711
15 1584494284939265288
16 2196003751313337720
17 1450360796463041638
18 740785999257556223
19 351724191003781775
20 1808495810115641936
21 931123306668335904
22 747454460198361538
23 796736682825195340
24 264878593513898435
25 1906457651743789595
26 800358735525564220
27 1496703758944640670
28 642899551413536635
29 264536572680543875
30 863136810574043524
