prime 2305843009213683713 root 1751062625154885710
0 267612265042597907
1 1378451188679483978
2 132243485050005324
3 873113851551823027
4 2292632572104155477
5 1951994865506117744
6 1822420653365360900
7 244453159619729273
8 1893340298538329354
9 2168510617472584595
10 2066242638384012980
11 1664496940636593487
12 263576506721048758
13 1221462246478926813
14 919082042929729065
15 444696056197109714
16 2225922385777823564
17 527987952813825636
18 628656784366591150
19 958233654153393169
20 2288774544343210521
21 1183885335529085153
22 523546123905348692
23 426918781133433240
24 1832662276797224733
25 222035412513147673
26 1985351541853980540
27 1135826867527397561
28 2156799796985995683
29 1085479433324675331
30 1382286349557732755
