prime 2305843009213673729 root 1420695913366196660
0 269723180194362131
1 1443889558384204874
2 1802683145217253963
3 968123825121260825
4 869264441237015063
5 1839492093023154052
6 1787408740349208224
7 381403435222489766
8 408957614918458640
9 1410403481205709814
10 2277617247364559143
11 80403458547590368
12 435403981223671144
13 406695184199242202
14 647738880930476592
15 1292658113238980710
16 662133077474788908
17 149577447267172692
18 232720551461242012
19 758691285840154314
20 622357512246587840
21 2032143258825055089
22 1790776194784424760
23 684995058969644289
24 1826911628590803278
25 928917712355586354
26 509693393436547087
27 481027308760730099
28 837419265993208891
29 702983330801471391
30 549125123982702258
