prime 2305843009213687297 root 1404240504602138521
0 266854500629144083
1 1354960491862404682
2 1010702971921823053
3 188641730236606698
4 320369686170330251
5 691648534750270030
6 1125500982360904632
7 550441794524277609
8 1271894692168139291
9 483001322944783245
10 1798638876703150568
11 447666961569436305
12 1152775265052899972
13 899616370290018585
14 342638910584044096
15 1544773616085579995
16 1323920668304926173
17 713302712695377455
18 1008230790663098721
19 1531937104464937523
20 853440278952467012
21 1416436133572520831
22 1636167775182694504
23 715848818027170651
24 2068954731506052339
25 368292360556768134
26 585201718798791244
27 1736913297828735632
28 656947299087237067
29 645850362617445728
30 573606229683751533
