prime 2305843009213666049 root 983772545565526107
0 271346961080334611
1 1494226765849374794
2 249676103236792905
3 2105443655198459043
4 483856035956984335
5 1575578994575958439
6 2292599994107568743
7 1374742889775110601
8 2171277788296566215
9 1944435682157852044
10 2230926315831938886
11 1581462515123840899
12 367056550225224510
13 1302166982252811945
14 770110848291709248
15 121071548081251749
16 391300511034214539
17 657769155606191613
18 199810954435373330
19 1730753711785211197
20 1820191644810616045
21 40903166421067993
22 2142813573980642192
23 1602973782365244622
24 1091302177589787339
25 656532675429350460
26 1595101161227441126
27 758280321799026634
28 1013611920746354945
29 159826938664181476
30 1498688412212619491
