prime 2305843009213675777 root 878250968026800207
0 269290171958102803
1 1430466303060159562
2 987035418164755019
3 1894621475348274489
4 2048100086980620672
5 1448700322564399875
6 730354732094777314
7 885293259798180253
8 2280618498424924845
9 2081574640188319520
10 2242880379820710859
11 828083665627409764
12 544658119071619105
13 1037565590816254709
14 1178602248325555067
15 765822053384336397
16 1772686414999751196
17 1059796120605909956
18 1407799003776146110
19 211250851223195655
20 1795300488352583200
21 1583712490968383141
22 1590836079582170947
23 865139825598237339
24 569041975376662234
25 1317560075694838986
26 1155022294849640328
27 1172481852454974003
28 1621339783717950878
29 529444213436943643
30 570580674935690093
