prime 2305843009213682689 root 467758080632614518
0 267828769160727571
1 1385162816341506634
2 540067348576253772
3 409865026438047907
4 550293244594348576
5 994469241672442416
6 45103898744740194
7 1145285585893712766
8 2079368009355368636
9 1369115575403706113
10 765356162174861982
11 2186960404029040267
12 1052237347277813478
13 1826030933009435448
14 1000458619130292547
15 531891196361996686
16 2169978398776537001
17 1952485159837098641
18 930808071217478774
19 1726058823139066547
20 1986742781409690935
21 1063603400842835242
22 1417911702793722079
23 240428676321121580
24 652926640890334134
25 993777483919184969
26 101104921874076514
27 1150849716056511301
28 1111230243399646736
29 996428069583998111
30 546274787168254790
