prime 2305843009213689601 root 1062281476586377573
0 266367366363352339
1 1339859329622853706
2 93099278987766349
3 1230951586742976270
4 1358329411593847233
5 540238185390923613
6 1665700214081108451
7 1406074101737835359
8 2049671941760479435
9 2222444743148215761
10 1537264086316198034
11 167962662506572021
12 1592857476699222184
13 1384018705274603149
14 680961268798565398
15 1343050627056931955
16 914521899274994646
17 403948908976822724
18 1459127894759566733
19 229957871903820574
20 2166816533175019163
21 1855910548318239485
22 1398294188221388524
23 1667731420137749150
24 1267553942475588034
25 1597108026692910827
26 83643366194958554
27 1086098731241026093
28 1520091786316533859
29 1650400474783022326
30 305164212458717679
